%YAML:1.0
---
model_type: PINHOLE
camera_name: camera
image_width: 1352
image_height: 760
distortion_parameters:
   k1: 0.0
   k2: 0.0
   p1: 0.0
   p2: 0.0
projection_parameters:
   fx: 652.2362550800245
   fy: 652.2362550800245
   cx: 676.3163966794926
   cy: 380.7495704146223
